<?xml version="1.0"?>
<opencv_storage>
<classifications type_id="opencv-matrix">
  <rows>50</rows>
  <cols>1</cols>
  <dt>i</dt>
  <data>
    52 53 52 48 49 57 48 56 50 51 53 48 48 48 48 48 53 54 56 52 51 51 52
    52 56 48 48 57 48 49 57 57 49 51 49 56 48 49 53 54 57 48 53 57 51 53
    49 55 57 48</data></classifications>
</opencv_storage>
