<?xml version="1.0"?>
<opencv_storage>
<images type_id="opencv-matrix">
  <rows>6</rows>
  <cols>600</cols>
  <dt>f</dt>
  <data>
    0. 0. 0. 0. 0. 0. 0. 0. 0. 0. 0. 0. 0. 0. 0. 54. 179. 255. 247. 54.
    0. 0. 127. 255. 76. 0. 206. 0. 0. 0. 0. 0. 0. 0. 0. 0. 0. 229. 255.
    255. 0. 0. 0. 0. 0. 0. 0. 0. 0. 0. 0. 0. 0. 0. 0. 0. 0. 0. 255. 166.
    0. 0. 0. 0. 0. 0. 0. 0. 0. 0. 0. 0. 0. 0. 161. 229. 229. 242. 229.
    0. 255. 255. 255. 255. 255. 255. 255. 255. 247. 232. 255. 255. 255.
    255. 255. 255. 255. 0. 0. 0. 255. 255. 255. 255. 255. 255. 255. 166.
    0. 0. 255. 255. 255. 255. 255. 255. 94. 0. 0. 0. 237. 255. 255. 255.
    255. 161. 0. 0. 0. 0. 229. 229. 115. 229. 229. 0. 0. 0. 0. 0. 76.
    255. 255. 255. 166. 0. 0. 0. 0. 0. 0. 0. 0. 0. 0. 0. 0. 0. 0. 0. 76.
    255. 255. 255. 76. 0. 0. 0. 0. 0. 0. 0. 0. 0. 0. 0. 0. 0. 0. 0. 76.
    255. 255. 255. 255. 0. 0. 38. 255. 255. 0. 0. 0. 0. 0. 0. 0. 0. 0.
    0. 255. 255. 255. 255. 76. 0. 0. 38. 76. 23. 0. 0. 0. 0. 0. 0. 0. 0.
    0. 0. 76. 255. 13. 255. 255. 0. 0. 0. 0. 0. 0. 0. 0. 0. 0. 0. 0. 0.
    0. 0. 76. 255. 255. 255. 255. 0. 0. 0. 0. 0. 0. 0. 0. 0. 0. 0. 0. 0.
    0. 0. 8. 232. 255. 255. 255. 229. 229. 255. 255. 255. 255. 255. 242.
    0. 0. 0. 0. 0. 0. 0. 76. 255. 255. 255. 255. 255. 255. 255. 255.
    255. 255. 255. 255. 255. 255. 76. 76. 0. 0. 0. 23. 237. 255. 255.
    255. 255. 255. 166. 69. 0. 0. 69. 76. 255. 255. 255. 255. 217. 0. 0.
    0. 206. 255. 255. 255. 247. 23. 0. 0. 0. 0. 0. 0. 25. 255. 255. 255.
    255. 229. 0. 0. 0. 0. 0. 0. 0. 0. 0. 0. 0. 0. 0. 0. 0. 179. 255.
    255. 255. 229. 0. 0. 0. 0. 0. 0. 0. 0. 0. 0. 0. 0. 0. 0. 0. 0. 161.
    229. 255. 229. 0. 0. 0. 0. 0. 0. 0. 0. 0. 0. 0. 0. 0. 0. 0. 0. 255.
    255. 255. 229. 0. 0. 0. 0. 0. 0. 0. 0. 0. 0. 0. 0. 0. 0. 0. 0. 255.
    255. 255. 229. 0. 0. 0. 0. 0. 0. 0. 0. 0. 0. 0. 0. 0. 0. 0. 0. 255.
    255. 255. 229. 0. 0. 0. 0. 0. 0. 0. 0. 0. 0. 0. 0. 0. 0. 0. 0. 255.
    255. 255. 242. 38. 69. 229. 255. 255. 255. 161. 0. 0. 0. 0. 0. 0. 0.
    0. 0. 255. 255. 255. 255. 76. 255. 255. 217. 255. 255. 179. 0. 0. 0.
    0. 0. 0. 0. 0. 54. 255. 255. 255. 229. 0. 23. 8. 0. 25. 255. 232.
    179. 0. 0. 0. 0. 0. 0. 18. 232. 255. 255. 255. 0. 0. 0. 0. 255. 255.
    237. 76. 255. 255. 232. 26. 255. 255. 255. 255. 255. 255. 255. 127.
    0. 0. 0. 0. 191. 255. 255. 255. 255. 255. 255. 255. 255. 255. 255.
    255. 255. 255. 140. 0. 0. 0. 229. 229. 115. 3. 26. 94. 255. 255.
    255. 255. 255. 255. 255. 232. 26. 18. 0. 0. 0. 0. 255. 255. 217. 0.
    0. 0. 0. 0. 186. 255. 179. 179. 89. 0. 0. 0. 0. 76. 69. 179. 0. 0.
    0. 0. 0. 3. 128. 128. 128. 156. 255. 255. 143. 73. 0. 0. 0. 0. 0. 0.
    0. 0. 0. 0. 188. 255. 255. 255. 255. 255. 255. 255. 255. 255. 255.
    128. 0. 0. 0. 0. 0. 0. 175. 255. 255. 255. 255. 255. 255. 128. 128.
    255. 255. 255. 255. 255. 255. 255. 233. 35. 0. 210. 255. 255. 255.
    255. 182. 0. 0. 0. 0. 0. 0. 54. 252. 255. 137. 255. 233. 35. 35.
    233. 255. 255. 255. 0. 0. 0. 0. 0. 0. 0. 0. 0. 0. 67. 128. 207. 233.
    35. 70. 255. 255. 255. 194. 0. 0. 0. 0. 0. 0. 0. 0. 0. 0. 134. 255.
    255. 255. 70. 70. 255. 255. 255. 134. 0. 0. 0. 0. 0. 0. 0. 0. 0. 0.
    134. 255. 255. 255. 70. 70. 255. 255. 255. 134. 0. 0. 0. 0. 0. 0. 0.
    0. 0. 0. 67. 255. 255. 255. 70. 163. 255. 255. 255. 0. 0. 0. 0. 0.
    0. 0. 0. 0. 0. 0. 0. 255. 255. 255. 70. 255. 255. 255. 255. 67. 0.
    0. 0. 0. 0. 0. 0. 0. 0. 0. 0. 255. 255. 255. 70. 70. 255. 255. 255.
    134. 0. 0. 0. 0. 0. 0. 0. 0. 0. 0. 0. 255. 255. 255. 70. 70. 255.
    255. 255. 134. 0. 0. 0. 0. 0. 0. 0. 0. 0. 0. 0. 255. 255. 255. 70.
    70. 255. 255. 255. 134. 0. 0. 0. 0. 0. 0. 0. 0. 0. 0. 0. 255. 255.
    255. 70. 70. 255. 255. 255. 134. 0. 0. 0. 0. 0. 0. 0. 0. 0. 0. 0.
    255. 255. 255. 70. 35. 233. 255. 255. 134. 0. 0. 0. 0. 0. 0. 0. 0.
    0. 0. 134. 255. 255. 255. 163. 0. 105. 255. 255. 134. 0. 0. 0. 0. 0.
    0. 0. 0. 0. 0. 0. 255. 255. 255. 163. 0. 105. 255. 255. 134. 0. 0.
    0. 0. 0. 0. 0. 0. 0. 0. 0. 255. 255. 255. 70. 70. 255. 255. 255.
    134. 0. 0. 0. 0. 0. 0. 0. 0. 0. 0. 0. 255. 255. 255. 255. 70. 255.
    255. 255. 134. 0. 0. 0. 0. 0. 0. 0. 0. 0. 0. 0. 255. 255. 255. 255.
    70. 255. 255. 255. 134. 0. 0. 0. 0. 0. 0. 0. 0. 0. 0. 0. 137. 255.
    255. 255. 70. 255. 255. 255. 194. 0. 0. 0. 0. 0. 0. 0. 0. 0. 0. 0.
    19. 255. 255. 255. 35. 233. 255. 255. 67. 0. 0. 0. 0. 0. 0. 0. 0. 0.
    0. 0. 137. 255. 255. 255. 0. 0. 255. 19. 0. 0. 0. 0. 0. 0. 0. 0. 0.
    0. 0. 0. 255. 255. 255. 255. 0. 0. 255. 255. 194. 0. 0. 0. 0. 0. 0.
    0. 0. 0. 0. 134. 255. 255. 255. 255. 0. 105. 255. 255. 255. 124. 0.
    0. 0. 0. 0. 0. 0. 0. 0. 255. 255. 255. 150. 163. 0. 0. 255. 255.
    255. 252. 54. 128. 128. 99. 0. 0. 0. 0. 124. 255. 255. 96. 0. 0. 0.
    0. 96. 255. 255. 255. 255. 255. 255. 255. 57. 0. 0. 0. 249. 255.
    255. 175. 0. 0. 0. 0. 0. 0. 128. 255. 255. 255. 255. 255. 255. 86.
    0. 0. 0. 188. 128. 48. 0. 0. 0. 0. 0. 0. 0. 0. 0. 128. 214. 255.
    255. 255. 255. 73. 0. 0. 0. 0. 0. 0. 0. 0. 0. 0. 0. 0. 0. 0. 0. 0.
    99. 255. 255. 73. 0. 0. 0. 0. 0. 0. 0. 0. 0. 0. 0. 0. 147. 255. 255.
    255. 255. 123. 15. 0. 0. 0. 0. 0. 0. 0. 0. 0. 43. 244. 115. 118.
    255. 255. 255. 255. 255. 255. 255. 255. 118. 0. 0. 0. 0. 0. 0. 88.
    255. 255. 255. 255. 255. 242. 149. 149. 149. 255. 255. 255. 255.
    106. 98. 0. 0. 0. 70. 255. 255. 255. 255. 255. 199. 0. 0. 0. 0. 0.
    138. 255. 255. 255. 255. 255. 81. 0. 255. 255. 255. 19. 0. 0. 0. 0.
    0. 0. 0. 0. 0. 70. 166. 255. 255. 255. 255. 70. 255. 255. 255. 255.
    0. 0. 0. 0. 0. 0. 0. 0. 0. 0. 0. 0. 0. 0. 174. 48. 255. 255. 255.
    188. 0. 0. 0. 0. 0. 0. 0. 0. 0. 0. 0. 0. 0. 0. 0. 0. 255. 255. 255.
    255. 33. 0. 0. 0. 0. 0. 0. 0. 0. 0. 0. 0. 0. 0. 0. 0. 255. 255. 255.
    255. 134. 0. 0. 0. 0. 0. 0. 0. 0. 0. 0. 0. 0. 0. 0. 0. 221. 255.
    255. 255. 0. 0. 0. 0. 0. 0. 0. 0. 0. 0. 0. 0. 0. 29. 47. 13. 60.
    248. 255. 255. 0. 0. 0. 0. 0. 0. 0. 0. 0. 0. 0. 20. 54. 255. 255.
    70. 0. 210. 255. 255. 16. 0. 0. 0. 0. 7. 30. 30. 30. 30. 249. 255.
    255. 255. 255. 70. 70. 255. 255. 255. 255. 21. 0. 29. 234. 234. 250.
    255. 255. 234. 254. 255. 255. 255. 255. 70. 0. 200. 247. 255. 255.
    255. 115. 0. 0. 0. 0. 0. 0. 115. 255. 255. 237. 164. 255. 70. 0. 0.
    0. 232. 255. 255. 255. 223. 4. 4. 4. 86. 255. 255. 255. 255. 255.
    255. 255. 70. 0. 0. 0. 0. 255. 255. 255. 255. 255. 255. 255. 255.
    255. 255. 255. 255. 255. 255. 211. 1. 0. 0. 0. 0. 6. 19. 255. 255.
    255. 255. 255. 255. 255. 255. 255. 255. 18. 250. 253. 67. 0. 0. 0.
    0. 0. 0. 0. 21. 21. 21. 21. 255. 50. 12. 0. 0. 19. 255. 255. 70. 0.
    0. 0. 0. 0. 0. 0. 0. 0. 0. 0. 0. 0. 0. 0. 0. 19. 255. 255. 70. 60.
    217. 135. 0. 0. 0. 0. 0. 0. 0. 0. 0. 0. 0. 0. 0. 220. 255. 255. 70.
    70. 255. 177. 4. 0. 0. 0. 0. 0. 0. 0. 0. 0. 0. 0. 0. 255. 255. 255.
    70. 0. 0. 0. 0. 0. 0. 0. 0. 0. 0. 0. 0. 0. 0. 0. 0. 70. 255. 255.
    215. 0. 0. 191. 191. 191. 0. 0. 0. 0. 0. 0. 0. 0. 0. 0. 0. 196. 255.
    255. 255. 0. 60. 255. 255. 255. 248. 0. 0. 0. 0. 0. 0. 0. 0. 0. 0.
    255. 255. 255. 255. 0. 0. 255. 255. 255. 255. 208. 0. 0. 0. 0. 0. 0.
    0. 0. 134. 255. 255. 255. 255. 0. 0. 151. 255. 255. 255. 255. 0. 0.
    0. 0. 0. 0. 0. 162. 255. 255. 255. 255. 70. 0. 0. 0. 90. 172. 255.
    255. 255. 255. 233. 35. 0. 223. 255. 255. 255. 255. 255. 210. 0. 0.
    0. 0. 0. 121. 255. 255. 255. 255. 255. 255. 183. 255. 255. 255. 106.
    117. 162. 0. 0. 0. 0. 0. 0. 0. 118. 255. 255. 255. 255. 255. 255.
    255. 195. 3. 0. 0. 0. 0. 0. 0. 0. 0. 0. 0. 0. 0. 123. 123. 123. 123.
    255. 255. 71. 0. 0. 0. 0. 0. 0. 0. 0. 0. 0. 0. 0. 0. 0. 0. 0. 62.
    119. 119. 119. 218. 150. 119. 15. 0. 0. 0. 0. 0. 0. 0. 0. 0. 38.
    102. 174. 255. 255. 255. 255. 255. 255. 255. 32. 0. 0. 0. 0. 0. 15.
    85. 132. 255. 255. 255. 255. 255. 255. 255. 255. 255. 255. 255. 32.
    0. 0. 0. 0. 32. 255. 255. 255. 255. 255. 255. 255. 255. 147. 25.
    172. 255. 255. 255. 32. 0. 0. 255. 255. 255. 255. 255. 255. 255.
    255. 255. 255. 255. 255. 255. 255. 255. 255. 255. 32. 0. 0. 255.
